1375825976
1825345677
1969595202
1532026920
225633436
664477242
1213966593
685564371
1848125263
1289741258
1652523387
1702683576
1438371157
404598939
2087839871
1906277726
484551097
619533598
469781113
740997284
1663677665
376750893
1449158957
433298046
571129130
1338084405
84639237
35608603
866671122
2092113041
475491004
95013450
1769975071
297602558
1627040370
1995608507
962079800
693523316
533689230
662721415
1983264574
38728969
217921343
1274152083
443327908
158277566
1032946161
927879005
777811164
1502727274
1668876289
294005182
1879478167
970551598
727303228
303123650
161152356
811942465
338732253
1027823478
756571858
814223257
1122836928
379063281
1111825815
602393651
227188140
2073905616
1295916967
760877370
589143383
1131697893
799606339
807064727
258366328
1242934247
965342293
1291312489
23329604
1743153458
646556116
1692205893
2037158640
378550635
515273844
616978220
681674285
676426200
1428920685
1020406538
1704249678
38008895
1834629795
679602958
417072177
798971963
1281996609
644260317
725393931
430429928
1405137688
1314537314
1562127821
57260379
2121602041
1820494149
1300194627
939460687
964322991
1323524231
535130497
1610879107
868246477
424805489
1989429742
1383520321
1041783709
523620380
2059946521
323220746
1544026918
1616712551
361229641
1231173066
148831861
778301818
2030145029
1430828471
1422562136
608055312
1861258399
680216176
1922592626
1275902573
737476555
1896711020
948913074
2037671182
688688059
1913236065
1213711766
1223818556
1376631524
2081958243
1648624045
1218577619
1317994916
542924106
1742197999
1230457789
866144852
1138741269
699686692
1227374493
222430687
848518553
2005676312
105092068
131863376
1280754800
713147380
1993121776
1960970976
488256359
1121540701
550963883
237483731
2070453775
441151418
926171790
1836206193
1654863184
2506698
1065354069
1589337779
1651130743
136448040
759849047
46571201
1878646039
1990306836
912716053
869903661
542509880
2140090546
1092334348
1391028433
1998283210
1197426417
1522891810
1131554362
1910573797
1368529938
945041690
251346508
342586991
1496005574
488830239
265557118
1937156992
1415002029
2101763311
1444536528
1417508727
1019633733
886390659
921155822
1156081773
1646239706
967727023
887244165
1489062894
1880443076
1757147826
2031572774
1873049975
701998526
1275117559
1723849537
1899424943
650525721
707920252
1662515093
2019055659
1652961942
1913861601
214159002
1001483868
255208193
479716121
791157212
1670210222
433995784
88210092
940235302
1453629517
974600751
1861391124
462227643
473356809
681634500
1349471808
1962419703
414593928
959135986
1846508829
140160255
1661134512
974142741
1864009793
1413075808
1624668462
424446397
928107253
1496240474
2077408339
694485206
1710399476
931408560
949693399
42631949
1722565772
472419974
476627734
1810775865
1412655276
1930257251
637892968
1126562752
245001246
1111249778
1808197252
1594473054
926185833
75307533
406125392
625211015
215467788
2067259905
1599353756
2079477581
1332852065
1076538570
356440330
113475670
425295396
286365022
807960876
2135694873
1217773582
1757654276
30843174
792855706
82590602
507470908
456147923
1495245878
290244512
1094040892
474324982
535245758
57807022
135038587
2129718813
983992855
210346120
388360557
1609203870
425813908
308136814
1061073978
357807842
1640988879
2137612549
714248172
1754464549
415424297
1000613194
414941778
403635522
70903128
25112406
434478697
863758835
107703008
941949605
1319906758
1602948886
1232194117
266464002
2077273868
1767439876
324271024
64828807
1749675041
1308263880
275174927
2138035598
769984102
700988836
298688765
1831058081
1058796678
1939677644
1821186982
1773044850
1546658546
89127631
626174397
1961600324
492763154
697077525
1986712730
927241851
1560836360
2094415738
1869191456
733259471
1549880976
953901926
999723473
1479671196
573858154
1323994498
1544500004
176049547
484774730
1819674931
166601497
1254758832
373180119
465290262
938333265
1431976797
257484259
612036599
1057538000
1804142805
701164231
1683712397
1618259481
1193927385
233306274
1457488563
2121169236
1794142635
1404420653
1842877044
379918458
806817981
649295322
1379641931
139005529
1223153476
556152781
1683505533
1399203023
1040927511
1355696817
1565804521
148202696
1728876936
2031094783
1086535961
1013370086
141095394
1698572561
2070908086
1945238199
252253144
1607136835
1416014032
1446180529
1840443109
726018947
1419866117
1487102096
2130439600
1115259513
1867020554
789773933
1764554836
1099178838
928779463
840224664
1655331619
464801348
91944040
548775483
1820498165
1657748561
696978179
1401891454
1541359696
1783514140
267777892
1682455091
1334603053
191202330
1480209642
1586856197
1798339165
748740027
885553078
1491298626
1474758974
157935547
830917075
1457714927
1273195061
550453981
100005212
890266249
1649632819
1028784675
1730490913
1157480791
1493586024
1822434953
1706256274
1166600541
1332699866
255750805
421008347
726575915
2039264945
688786239
261547358
1226384351
879988569
1741757000
665756900
530844086
343013379
1551309979
2022142713
1817772354
1709245526
705576140
1128003633
834956939
1256030121
1228008845
1725223188
758179293
109309873
1308230454
1915660084
1602895897
983181759
1474432710
622012790
168397978
1730183515
1043021138
894973893
1621964812
1731807377
1156521251
700865515
464312299
750794603
1366622416
995156385
1093807983
770448747
869815450
764096689
332210625
1575391590
1892100322
1167167565
683938064
972625519
744907105
1442117357
1081935392
2053137559
1210293793
537347641
888835671
537242855
1159360432
1057233649
119942722
54897922
1952207542
1741907534
1786705299
961245145
295289402
103533950
1712039748
1661911818
1098690336
658364083
284876917
1968505786
1422460772
617087542
1396413729
1167077446
1784255107
2080351793
2139702966
381678565
1374985502
1074154710
287332476
437795647
1611502352
1176168147
975038502
623379136
85918148
1094981224
678277058
2038125690
689405110
317498709
851887187
984694512
421032660
416443288
499122682
1519722996
1074807371
783999599
1340745134
349784496
1401087142
589675215
1516861942
1037858601
522543360
1509081260
1419537166
1897528862
435752323
1706869643
187840861
2047254675
735554142
1162879363
523150163
821472291
110376939
1201427221
712114333
799782050
1518925930
1564001521
1784476562
1939958590
1980444809
136115597
1312197938
907768532
920115196
505459425
1257553028
173718690
1095134640
626931323
1211577292
1617678001
2136012583
483630810
1367723215
424281258
43016805
1555564077
324052285
778570948
570959792
847202448
1600043239
681336732
2048629669
164673924
1481118782
1420071952
1728675445
1118111696
1212546894
1561636606
1254227293
377261185
321921491
26858842
882720610
1579474519
200577532
1977855250
58922194
1412154824
1448049603
47451130
1895785635
668289171
471732388
1938802440
76369600
795784674
569889740
647329392
1642987122
22449331
1328666124
1544133144
187123256
662301258
816721448
1915798701
1780412955
2029268342
1329951660
887156600
259045879
1651873151
914015442
1141766489
1083864022
1114592975
972138092
1142786217
379264151
272704047
1190237347
127566138
940993218
1661969735
2066368579
1017362818
310270761
488774671
1664692211
1953257884
511224003
845874687
1349907380
698347259
1508175946
19145180
466662312
1141105253
2048413522
1796613972
2028261853
159975754
1301003475
794793648
1301742243
237383850
1909386623
126396687
1380170067
141167126
399100735
422923766
268733265
1340093953
2084893501
187618196
209973124
247680615
676392867
1874665335
53454851
1187616870
573056374
1403362231
1885964129
2081232320
1422507411
205142794
1074853925
1323437285
2001756766
955632131
1483413039
1155276594
1750425779
637671635
1392660444
1512328754
764068322
625346863
1653495880
1163169057
1048270629
1922229145
355779363
985680482
2109847341
565752487
1233361097
638756561
292934174
1286815948
1826373431
865990548
542694531
1564853913
799739221
1965201942
1769996707
1874593146
1141155580
1624269825
682741629
477084971
632062771
285683760
1114756606
2024723215
1798012514
1878824929
502586430
1304024747
894510338
1550857059
1078770244
1250289701
389053894
1041133938
1816042188
1622414991
1679890499
2108976362
761747292
1358780282
827483263
1304441823
776150547
1627222484
1122160118
398663606
1354331982
115832050
2022933432
2037073612
592917021
507512555
175273724
1707673628
384752123
1973286239
1439014909
887338553
1129827338
186041599
290711965
61113934
1436331301
679765859
1102247872
1104889841
154697202
634654723
1066382556
916444494
1993435006
1893865819
73402670
622101905
1373604655
1195562788
1020765512
580452989
1311394838
896215296
470042953
1904311859
1403727851
645316678
1464501839
1788479974
471119269
756033100
528334880
1600946607
942074700
819046845
1662060541
230922353
1498812704
616824766
1335812194
1653509906
1251479489
254711102
422470753
1097430847
1093273
495873423
1719532753
1374697928
1691436211
592814617
1955150918
855347401
1489029913
277710223
612175612
745274116
923026901
2076677452
386270443
1394146170
685226904
914605323
847609129
1627301604
1733652168
362186023
1858223957
1084981224
979010789
1046552504
591007482
83006630
1301263606
1013478235
1180437478
1302356880
1509351658
752486583
529571160
1053304221
1345301200
337238430
1908651622
686847465
614948654
373343587
1432121581
1537975555
302537391
1818392024
784638078
987764295
585513699
1632247207
467582252
171682219
1994433230
178322561
1256663443
825960371
1224875065
1847670926
908967002
378655024
713665513
2089404480
1681011904
75533524
694407415
63099416
1128837745
2039708615
400337847
890005720
579072432
1015286501
1263349307
2011194013
405778408
1565886698
1682102390
1190416486
406167345
120132441
675180046
873749597
291814661
522129628
1052072159
1548478104
1348090000
129463576
1248665382
109573354
508118600
1962330896
51494186
41646856
2037864420
745901601
104746273
1019218517
638126568
505084120
1909224237
1217199000
1520370621
1025089896
1080909365
1926149029
443492946
615528107
969081868
849660292
735660549
1644261914
1723409889
1027475210
18907894
627998400
428469666
1366997894
757461977
1677135049
1476571248
1265580577
1491982297
1528065434
1307227434
1382363069
126483387
1411973707
254097938
764609955
1917057827
15838528
1981808955
1289944800
1040928424
915234673
1068610181
1484421371
1530762780
2037692049
186598015
118939681
1534470315
1910007904
1146414891
1553378210
390522657
1574884558
772892456
1147984634
1104535959
101980057
266081563
449034608
1630045491
1573308997
1831397677
1756528879
837799056
2085495615
373655186
607373235
2101334143
207980494
1897318035
994778920
