389424015
796033960
185133178
3683709
512073681
731800872
947489536
382131664
75480479
589307652
946483991
963766463
149006715
747691298
410265154
433872819
428458627
853705840
341160056
879851284
566214259
316884230
822127903
501296993
225391404
139260399
634012139
204122784
476724018
899452449
773782767
330402154
532200975
785331480
431320469
828563346
587144450
684002436
481209352
132904479
692942027
366594547
666247017
142165306
170636120
414489695
536652644
227742843
429827405
993499729
814043698
37708237
392992196
59869692
332410346
706920819
506390539
723936617
571178800
323672562
437103828
232640903
325135969
585769514
766841836
156930874
423495603
822636868
307958971
556381807
949085306
972594597
517756179
382947804
866002189
401868430
925690930
795371989
462304811
425370756
696799428
220149541
868139306
708770405
905739356
230053372
222753225
158521177
976868698
339107188
353429001
431016568
775213059
604771106
243257159
627616744
988787035
347941666
597969275
906857749
89179756
500136444
363447622
937512972
116089059
402701653
102863
770446750
795449484
707067987
880995784
552236664
893148205
21097888
142491334
955769499
501205651
359608511
117464861
496602404
667186658
699473018
648426771
527302940
267318729
725802817
974011613
586468454
890389644
834595628
169602167
824506664
223942518
536690885
625031004
31380206
694762556
232798361
143565222
174041312
332259167
384576259
430950049
938380534
723528281
132220743
127207455
43722552
567539265
607940493
219395919
486952431
582329522
106497469
458637256
766556130
615316055
55154601
3005132
42950579
432016610
657931146
675577784
315440804
677156523
531302973
840268433
668392999
207685227
76073270
821186188
784459993
180442054
108747538
757411416
591641972
504563719
593862283
774463222
111557037
64430134
31612435
518477616
141323799
422521964
983143496
858884671
424899947
534681299
368012524
719488337
822510771
950624739
984697065
249309285
463241823
610551351
800264531
969072602
293558807
823136489
845921751
120913219
554802118
140586262
353822367
523782975
572123738
602987673
139589035
681894551
286197398
182213786
947329127
896409492
697524514
524209314
88647402
263303232
778977897
253817057
527686690
207075708
828653930
378644959
882193586
28646842
605726752
132569381
58146691
125413507
641690948
245686603
197332102
325034124
199418936
193633203
652623220
901461388
804433435
884160520
736803749
134954678
890660767
54737376
826337378
284785628
556774525
172452260
418212429
621024405
582794418
174898524
706143865
179153195
370660881
419326840
98481069
363109507
491539522
762292577
108967915
596796404
787520986
549181086
862902478
732181949
727553249
934903040
888823032
9319328
639085635
797623985
600791523
663826972
775867849
639872421
387251882
391006568
981805822
21201392
305673840
689352465
374434030
520312475
656140487
198873910
66724836
861566368
260620648
20399217
27267668
270405941
407433122
327221983
52742871
370781051
173627183
652839168
423361731
788685831
12998524
873615996
224018602
66102419
946181350
653714186
319814405
586194718
275014426
839741416
541503152
380455170
101383949
61893012
223614009
21717863
369402294
694405649
695047774
99975702
811143888
507834220
953220836
833977280
543662993
234979493
937258976
187446197
135839100
521586401
153020907
227934331
503875984
918942441
361475409
578892205
342622812
372912073
679146085
590955636
61025063
543549422
724002459
412250836
521545232
189126345
797723022
636180565
31270613
85862248
95020973
8949938
267167890
730306454
198121273
411111755
667143643
545511157
21268041
804758116
685650148
772099666
517985752
851301989
566444528
468048133
278296708
262430986
40822270
948222795
302905029
379857776
686644584
550110694
568428145
816886167
46154001
895919030
492185223
167491014
34869897
726136133
669896070
649490744
279377563
166225544
659959853
573067875
2495695
290280403
681308277
844606847
619930396
9432482
229046965
847815008
976887710
607710780
668552570
206976972
934771522
649131572
165635806
156627882
301913865
785763293
736039516
40474204
937273783
510283589
164910486
345459192
537865043
229430557
79124768
322643786
255656053
954400465
911367282
213467256
458481137
832252320
819349678
681625823
886833810
880043282
19917219
404574679
387552347
702359656
18581214
65218736
878436964
354030181
976287032
657775548
3552645
963705321
68354533
114972977
39964637
569705921
676776191
102257161
600937670
286486556
763168555
565735736
572505444
781118200
80723815
251395542
34280319
707001460
750390217
114183352
750859844
717529233
955792728
953884714
418285440
107853725
812427304
871068552
920925740
180214610
248152473
195311550
114773695
875402067
856510236
871903786
224648615
204115782
577773189
430138167
272015329
548598477
513000330
737959212
885950129
194001004
343102798
878276500
87200284
530698662
625260407
89407370
51867392
83748486
918740476
659792211
56142392
324886878
240461526
881611059
560042695
39845736
250294093
712580627
803682023
3311549
67375029
307258191
587036749
331398810
252441484
705465715
989109795
95009771
605758780
984866550
975067966
722033089
449433983
960608973
664426259
751312601
633371565
559996831
685642059
57696286
470758832
247547263
621567385
219827615
699194456
676404896
202413192
339804165
528639895
627833647
268751861
321294236
357618316
559234269
918362787
630665207
392003548
563674782
240785080
428635540
945782496
212190610
119907129
986225444
494409997
448934676
661216120
454049250
655432578
437696886
262795843
802829630
194387499
568388018
81591600
739746626
875313099
675159986
756200831
549290442
68816867
831167435
504035529
105838712
739232192
879491729
991670147
973506529
829145403
799248323
683498899
657408652
880813113
145239603
867301964
490009802
915211312
34563127
149911582
296965640
525330048
982271768
883334839
919867345
121898105
965320579
74861129
7723452
860628049
996804363
127416525
714375727
351607592
503316236
352551362
722585669
754197345
599064330
424400859
17032045
172497382
654793188
951403639
294128477
629700392
356724787
451009692
85577810
642252030
555128372
476854882
229745034
610720995
877111408
36778777
961821581
465727914
315238198
62681197
711562874
748678924
783612379
792621381
858090785
157885027
763418198
592777284
535565814
841721647
322712943
443954288
772249895
714696301
563082141
780698252
128071697
33382915
505198118
197354472
437639685
777136352
475543947
596393752
413003733
191286112
887511625
170594101
87864923
576438106
588024152
80194003
772403609
979723987
805138908
538619810
496910511
718073143
713416190
438562411
656076973
579431645
384178022
539856432
676267027
731716313
531547301
142595510
51882011
276522286
970303859
120109781
116579414
390909293
486078120
726525062
55149869
132310132
167360661
548084312
580731831
327487185
597056404
463057141
297619903
311927569
672815477
819653150
282335442
101855924
769701894
822535988
80651158
615221322
214430509
951060329
829146558
263663569
75135842
289113306
801288602
875235902
230612240
912304863
575543456
604708223
387320410
159264066
97790026
192467903
639017383
114977794
850185943
5018247
760943700
66114756
127865102
429888413
475807120
201543943
597830949
323574129
625275478
628037883
361090712
434301678
582844282
984376121
843536656
147737905
491802081
996109137
558554063
261661512
895904387
378185701
181883850
273210117
994265040
232156029
877824641
21892868
287319913
144148619
545906077
545975924
59765668
639086079
593799297
476218490
697673233
201189444
241655526
419250846
914210447
355253227
419062553
105722719
460648535
264879183
502831767
823662296
947614607
321856163
487531997
595153907
709017371
505929293
783743266
515300342
628048924
669802528
301744914
365294304
456888742
519540621
71633743
886810736
493281487
362461220
610725018
970206866
971613229
57212838
132440753
647280093
793766748
7332477
991914096
293664786
704737151
892640021
30508741
129324522
158628815
433489783
724342911
161482605
683298282
911185810
771392318
986401108
798673828
200289149
892809173
869800990
785643834
803240784
480485487
569499851
916427959
282137531
236442183
358885695
139496748
721617333
104199938
467101150
830179122
65851835
286116393
367390421
68114370
813725344
937779071
103192179
53041038
651844798
353141698
805414308
274709579
471930367
387990513
336757605
612861814
554757654
909918410
511139651
990115479
68117834
691610171
52137920
755885694
525532431
287585888
374354091
535042369
825531174
887138008
187622474
612027152
948505271
547522206
273820165
315420025
563806044
792780599
305898880
972987726
564152080
457799299
725605304
456686998
777330215
748772318
330323595
802799364
382259665
851830719
628813902
914594502
136640239
125161641
184438235
10998094
116668262
830879371
627459685
134644881
312928532
161704481
258100665
301080713
55214078
818382515
890222181
291308984
413012104
23774996
204082609
789108662
750095952
876451395
814926286
477783350
87231906
51894996
17123400
667189800
499378268
883017103
980704902
766699267
284645501
697959795
986380835
395364972
863403603
979043326
381550033
851790445
836768027
663057996
725204418
930319686
858111574
700255343
595333720
228569477
867102476
60332370
442120782
800232530
443238716
382842325
978528433
507051645
771408081
74740373
876338621
66544384
309125014
529058556
10147773
688726011
962334103
613563622
511326391
681767974
808283531
116137275
110755450
275699352
515725802
339816987
654386979
292355030
425655752
129100858
886041535
229222883
927600488
319493558
346323792
638902829
588056218
559108129
240590777
419762267
253257468
122575372
882280303
355415449
388758997
539347279
731407380
134142308
816950196
928091504
7759688
495820186
548389462
516094249
276613872
842628486
114387889
91211750
295343014
374159860
793066005
645816686
13315616
762384664
948194883
458352984
864609893
207088454
538713284
483015649
608684924
797035801
183492679
561799785
838195972
117504583
227349537
367216361
225846767
825252643
837462798
450139161
862089373
73439777
793368157
102001533
681335320
213560657
758426269
106135023
991635475
874090371
165532243
865979507
641757490
279158445
945584814
838925838
811747442
221279776
298140119
160472309
176509475
632104510
673931323
470719635
742119436
344301673
782285178
496782073
783828291
749966331
243581926
15335994
772801559
757983898
428111622
921602130
285293717
811138630
220736996
885913963
107862800
122881015
252138559
162265234
875500884
949154639
246567083
905030016
242089772
78365230
614416457
342999131
351676019
757575389
492360678
743099060
115926742
176451919
971212071
663035212
180670577
493666172
867328384
36572478
190400230
651660150
421112585
236132068
471489839
791554461
544723569
586020461
221444030
231792343
822741688
624673380
882025265
278858053
588531533
48806750
843823405
644542764
839752904
344156678
816250384
952356474
63758696
793037394
217437402
27866229
767366577
941500463
158597074
695218197
17620593
620759394
958981293
872284506
434965849
678089866
63186820
408076676
241805419
49855243
635628251
331117380
264443474
547924083
394713683
18067106
890792209
350321531
680421044
292002418
123459908
135144004
444763577
923078147
822915111
648068737
792210455
570238124
269570549
201469125
718009269
496169419
728181445
849613728
971313663
40100963
702581877
926251655
275555810
753782020
717586033
592263883
66354064
199962366
947895693
847110816
875232339
118819758
288142994
589297540
32178083
969975946
721557698
458134797
805665924
803593193
341931198
977762864
703722264
908666498
672565496
630704564
219918251
665039487
284844853
616115248
536130940
887789111
653646878
313703549
702175763
208441946
73779876
257402710
82534266
767195849
627356839
698002538
976754954
107661982
895902946
472165028
575728435
618758059
897673857
943406883
502742215
639780410
549505107
993868795
203295685
493260514
345329434
845256347
375642322
265052240
637814949
480060574
940200276
838101261
887878015
659806880
995180226
837671901
845143302
798822640
349717057
620737717
16379084
979820160
765080984
33958085
625335705
650617769
767321406
301473356
23069346
310339605
972846940
2346484
781965355
206500873
558645111
388240358
169389186
769609121
472733247
163844722
768519961
189976258
253873173
51822960
577928725
63855416
147765322
630750546
829854871
191781836
941747398
520853513
716171198
914852884
680503056
110742609
131085817
113334969
432905885
79740375
182611889
903804629
962163554
771537094
444245454
721362985
352878723
975682525
930382793
533803256
932459025
256763566
557214543
81252906
990578558
944375239
530794437
405222665
55596854
135008213
304929243
8792913
730370576
430480497
384163854
948311060
267950732
866868383
643922404
505832627
89903834
261849600
624304462
331900748
629746913
633471473
444646751
331607559
410594425
20988481
427091151
136415587
438855337
160527156
836851489
392952821
674990139
669583137
131335800
217006512
660819354
423560629
48564132
603062683
19080240
719600922
985979749
717068360
845426872
976092837
532965152
491625130
20235181
685713646
584646179
614183493
193939009
555669057
394011150
445907353
815851564
201514906
277299609
797444110
846009727
713831221
175477774
758725641
170435872
739663058
845806919
866781539
498665745
221872292
69851042
895770782
385283949
595933064
760973315
73001521
710767046
510827183
26844894
21844936
973419029
514444157
92570952
379903063
606616712
617741882
676180871
542719172
800178553
421004458
986267675
219899530
883310102
313163447
413578417
648062071
739883242
607295571
536343833
866685558
346417322
264585636
827735842
852900840
351832211
952296181
249678562
611437596
650217257
711904125
281807708
227362478
331783823
266116188
709302817
510029326
48494971
688024120
753646937
549851102
79329071
601542742
95487252
275498938
352974077
865896151
382235931
66902580
12739266
625127050
620018880
735704093
828216518
403998971
635950190
534212210
646901556
433084698
175253415
703314545
522240036
82603692
347747039
968977416
99685237
980079132
812202326
290440135
623651629
21577265
954292524
709272134
989352276
580681783
179112609
766170789
777207521
11058187
839092919
209191692
607763337
748204847
266207471
918684876
210492380
891190660
433086295
742873947
293668293
854443155
757596306
281939945
182594880
307614902
469216424
771198025
184440919
198151190
968280069
665632083
177827738
459485704
656762085
659994076
855009806
581302060
869453715
135113664
499288339
146916672
27556528
264269216
104893165
973861050
242987478
624776330
645470237
180003268
4695902
96452043
408988043
409439368
893105865
549983057
652600565
78681418
645508583
68992682
679676886
38629660
434647982
939736228
291478354
810747848
846515460
977358829
679881642
292007130
683971309
202976003
626293960
410262829
282627611
685539460
626565295
169228726
850668769
223580117
429000968
187886927
705527802
136633201
336443718
25950464
832219760
919288782
683631589
630406110
210527534
173712550
551130556
848932422
907556421
144661025
778842094
847153344
823978041
985292314
612785459
728136379
114876925
291534226
665285350
79122696
91812625
677416216
919522835
302280362
528460010
13245608
488187390
769176826
102450575
974590399
921125375
926316801
375222925
590554805
169936861
107137919
764602153
971663857
665185823
65125330
323101516
97200112
799849006
297746047
658795517
642843654
956081677
875731120
636841707
208392112
235885168
518901733
958658730
573397838
126099984
419864256
52156641
158432674
797848453
255008981
31462077
374635024
406009614
51975384
442033938
838325490
35535488
674110763
872065449
988076432
581497396
659804658
923196989
161982195
864966072
481509541
942666144
414140643
377638648
886829228
495166488
931438260
690868989
755112835
12646487
782805423
630857013
69025675
270981560
171265514
896601295
24093251
823547135
478417891
493398429
141921520
552856347
5195122
222261305
580710117
984172935
528554925
781038537
269473081
961318299
904481033
879325406
393424421
301947108
56279167
421010761
263386198
653492876
824464270
629358911
954717080
190871408
617796756
5373586
365409348
41919604
239230117
36894160
497289535
639706576
412668796
613706999
551762457
204019250
551298819
506707523
179232468
743429198
730200015
167158800
508620410
835676031
751613575
864893530
254283151
101424091
863704970
211962258
118788349
669534345
773678486
95804508
420755968
899137073
454865869
269309665
922982342
315821945
241005302
871918454
299637470
178106026
31467033
992094332
356188029
448335809
378520467
670513799
995479532
836170639
903486337
685120155
287754195
938715844
271564481
446623480
227979833
964278004
850610395
199366890
683298702
136442228
835946489
560072004
517265665
928121590
266258
627471326
131427997
954968686
635820503
113029659
49891420
870778205
230661825
595604672
745751216
962161534
42894419
340217313
137374151
578650811
800359826
926061721
63778756
750498244
240184173
399168949
393873813
105111425
460791026
240253093
698663266
254882580
939877565
395592497
578279429
564913499
527914404
43450351
294822372
298355319
77129824
426445523
760859739
691134824
160752967
361947368
237817580
801386188
793813832
294489321
657738919
709957898
982570662
700131856
951377582
645486105
719029291
738478504
115469294
22691244
325446739
194008845
134300538
271809021
639716679
727407615
19190954
586328733
31160139
411049549
467602852
740681480
106130928
619705193
253209417
432252984
862303860
492572255
691501661
447786082
118054346
941020950
543390516
901355552
317524509
67821808
710382507
65025815
884351016
895149677
673230697
676503647
815385090
685175573
179623050
939819897
228814163
351676702
50955689
265255333
299622123
706052440
65259329
428434352
138277898
158373947
543975393
229384032
831279893
811099463
479968724
599649731
268386282
524186518
231741093
370437620
782951506
931342
479834397
596758785
139402074
698243744
782097891
644162964
44701231
402556954
388294346
340938981
841189564
638963138
957485091
634949120
419132031
988138330
772583219
214023490
147800399
535134279
428392351
588538059
110150134
970608704
52279854
995171123
795805835
130488976
532923576
526412689
794397655
394629128
385833162
393212281
853879237
615052230
485964399
449597011
595639789
24876839
665388435
589204178
922151089
380706050
590007238
474519117
471894052
860293426
535873872
332984673
67182047
846524184
505675524
189041991
696027607
795983240
616145711
859990007
214283921
312639107
486271666
571876604
951600430
443939193
854938901
183972969
890248155
135250278
514298424
191141702
248296761
903400020
762117666
969509226
436883045
854268643
380723130
334590343
489918990
76911397
231215311
738326504
573038494
602459794
348304309
190150245
748157083
91002124
802073644
858285987
635622885
866595358
290358371
431862643
970189782
599858940
426877761
799649986
393246391
597650724
301321292
214541751
895391468
966498539
57734738
539190712
754141738
795810850
904973325
762699801
870400429
238017833
158304117
754656813
449968186
19837191
396700436
89948775
728854731
990497176
425551557
469803102
412530256
340591017
659784174
438003915
869334059
628644680
588538577
609666294
668430506
693926377
248779936
469685460
918998859
870774616
719799594
376606241
542368408
369067892
206628254
343029774
309743882
143968642
412331978
270935325
902127753
405770867
111027196
568163063
813922378
294306717
580136465
218549142
53009306
854029994
444263714
94346881
203508462
391020668
66730050
625022280
246391946
167390083
47336820
921758466
776271943
638753040
642147535
33879292
730297456
18885916
373128276
693669483
756381197
457612405
436148369
384243961
229174474
847924429
770489982
635912863
160134043
472698015
566561162
638072371
158928653
316209339
608542658
966250486
531793625
185304240
190704721
936459965
2734046
384634436
515381153
279520957
951884511
219593039
315931085
93661622
578207009
789300747
307581060
675535732
657451951
594863374
401586830
484200007
249607683
951547131
